DRONE FİLO OPTİMİZASYONU VERİ SETİ
========================================

Depo Konumu: (750, 750)

DRONE BİLGİLERİ
----------------------------------------
ID   Max Ağırlık (kg)    Batarya (mAh)       Hız (m/s)      Başlangıç Konumu    
0    13.46               12025               10.01          (750, 750)
1    3.05                4993                10.62          (750, 750)
2    16.16               11966               6.01           (750, 750)
3    10.52               8850                7.48           (750, 750)
4    2.72                5546                12.96          (750, 750)
5    3.27                5217                10.98          (750, 750)
6    15.71               12339               5.0            (750, 750)


TESLİMAT NOKTALARI
--------------------------------------------------------------------------------
ID   Konum                    Ağırlık (kg)   Öncelik   Zaman Aralığı       
0    (1225.98, 936.01)        9.27           3         10:30-11:45
1    (876.14, 656.8)          8.58           2         13:00-14:45
2    (1447.74, 1346.65)       3.28           3         13:45-14:45
3    (697.17, 1284.34)        7.59           4         10:30-11:00
4    (692.54, 453.25)         1.99           3         15:00-16:30
5    (958.99, 1187.49)        9.03           2         12:00-14:45
6    (1034.4, 167.32)         5.06           4         14:00-15:00
7    (1481.32, 364.87)        7.56           5         10:45-11:00
8    (338.59, 1364.96)        0.96           5         11:00-12:45
9    (181.32, 351.02)         3.86           2         13:00-15:00
10   (595.43, 1152.24)        6.53           5         09:30-11:00
11   (814.95, 153.65)         3.06           1         13:15-14:30
12   (1396.63, 913.53)        4.97           4         14:45-15:15
13   (1203.44, 423.94)        9.76           1         10:15-12:15
14   (4.39, 274.29)           8.98           3         11:45-12:15
15   (1430.08, 48.84)         9.2            4         12:00-14:00
16   (3.67, 252.59)           2.01           4         12:30-14:30
17   (349.57, 1295.16)        1.98           5         14:15-15:30
18   (1203.61, 853.63)        7.24           5         09:15-11:30
19   (136.72, 898.66)         4.73           5         10:30-11:30
20   (638.39, 1242.14)        8.05           1         10:00-12:30
21   (941.31, 203.56)         6.83           3         15:45-17:15
22   (696.2, 1146.45)         7.01           4         13:30-14:45
23   (1439.36, 826.72)        1.22           5         12:00-13:30
24   (740.74, 484.53)         1.86           5         11:00-13:00
25   (1232.04, 1201.0)        9.63           2         14:45-15:00
26   (68.22, 708.21)          4.49           1         12:30-13:15
27   (1094.1, 208.42)         9.61           2         10:15-12:45
28   (974.78, 547.17)         3.18           1         09:45-10:00
29   (193.2, 165.14)          2.86           2         09:15-11:15
30   (213.54, 507.95)         9.25           2         10:45-12:45
31   (1185.57, 1049.31)       9.45           1         11:00-13:00
32   (612.6, 1187.02)         0.8            1         09:15-10:15
33   (1287.85, 609.27)        6.39           5         12:15-13:45
34   (921.49, 839.52)         9.24           4         12:15-13:30


UÇUŞA YASAK BÖLGELER
--------------------------------------------------------------------------------
ID: 0
Aktif Zaman: 12:45-15:45
Koordinatlar:
  (1134.93, 1313.53)
  (1101.11, 1372.27)
  (1018.27, 1359.85)
  (1031.96, 1277.16)
  (1101.31, 1254.17)

ID: 1
Aktif Zaman: 13:00-15:00
Koordinatlar:
  (1465.82, 244.69)
  (1336.2, 324.1)
  (1339.78, 171.46)

ID: 2
Aktif Zaman: 11:45-12:45
Koordinatlar:
  (706.22, 884.69)
  (622.37, 966.83)
  (519.12, 940.31)
  (510.55, 822.84)
  (621.69, 804.65)

ID: 3
Aktif Zaman: 13:45-16:45
Koordinatlar:
  (466.16, 952.32)
  (400.02, 1009.49)
  (327.43, 952.32)
  (400.02, 877.28)

ID: 4
Aktif Zaman: 11:30-14:30
Koordinatlar:
  (1374.18, 294.96)
  (1296.79, 360.94)
  (1223.14, 294.96)
  (1296.79, 226.16)

ID: 5
Aktif Zaman: 14:00-16:00
Koordinatlar:
  (661.23, 172.08)
  (588.49, 284.78)
  (439.44, 253.77)
  (449.66, 97.82)
  (590.36, 53.64)

