DRONE FİLO OPTİMİZASYONU VERİ SETİ
========================================

Depo Konumu: (1250, 1250)

DRONE BİLGİLERİ
----------------------------------------
ID   Max Ağırlık (kg)    Batarya (mAh)       Hız (m/s)      Başlangıç Konumu    
0    4.76                6126                10.38          (1250, 1250)
1    16.66               12309               6.11           (1250, 1250)
2    14.05               12305               5.0            (1250, 1250)
3    9.97                8298                7.36           (1250, 1250)
4    13.93               11667               6.5            (1250, 1250)
5    14.85               12396               7.81           (1250, 1250)
6    9.26                8512                8.31           (1250, 1250)
7    14.55               11727               5.0            (1250, 1250)
8    9.99                7197                5.8            (1250, 1250)
9    14.07               12004               5.52           (1250, 1250)
10   14.19               11789               6.8            (1250, 1250)
11   8.93                8038                8.01           (1250, 1250)
12   8.75                8404                7.41           (1250, 1250)
13   7.12                4684                9.88           (1250, 1250)
14   12.14               8505                7.87           (1250, 1250)


TESLİMAT NOKTALARI
--------------------------------------------------------------------------------
ID   Konum                    Ağırlık (kg)   Öncelik   Zaman Aralığı       
0    (1353.42, 1056.66)       6.33           3         11:15-13:00
1    (205.67, 1029.47)        5.26           5         09:45-11:00
2    (759.53, 1545.25)        6.99           2         13:00-14:00
3    (1096.91, 873.81)        8.4            1         15:30-16:00
4    (982.84, 2029.94)        1.73           4         13:45-14:45
5    (1178.61, 1836.29)       9.01           5         14:45-15:15
6    (720.43, 1906.79)        2.11           1         13:15-14:00
7    (1638.19, 1916.75)       4.19           1         11:30-13:45
8    (392.78, 151.02)         8.36           4         15:00-16:00
9    (1410.39, 319.28)        7.31           4         09:45-11:15
10   (1537.9, 2026.55)        7.8            5         10:00-12:45
11   (1811.23, 643.06)        1.09           2         15:15-17:45
12   (266.84, 128.87)         6.44           4         13:00-15:30
13   (1214.7, 2163.5)         3.06           5         11:00-12:15
14   (329.35, 459.71)         4.4            2         09:00-10:45
15   (2230.08, 2001.81)       5.46           5         11:00-13:15
16   (1706.7, 1453.92)        5.63           5         12:30-13:45
17   (2236.38, 127.75)        2.48           3         12:00-13:45
18   (67.49, 1423.05)         4.72           2         09:00-10:15
19   (2095.04, 351.38)        5.95           1         13:30-14:30
20   (2245.68, 62.23)         6.32           5         15:30-17:15
21   (1676.31, 1415.54)       7.39           2         11:45-12:30
22   (1920.44, 835.47)        9.37           4         10:30-12:00
23   (279.76, 814.42)         1.12           4         13:00-14:45
24   (2031.76, 1580.75)       5.36           1         15:30-16:45
25   (1966.08, 643.82)        6.22           4         09:45-10:15
26   (1166.11, 929.56)        7.97           2         13:45-15:00
27   (290.23, 954.33)         8.7            4         13:00-14:15
28   (2253.29, 2125.87)       7.48           5         14:45-15:15
29   (1890.56, 766.99)        7.97           1         14:30-16:45
30   (1311.46, 600.94)        5.76           3         13:00-14:00
31   (1804.68, 599.69)        4.3            5         10:15-12:15
32   (112.33, 1059.83)        3.91           2         13:00-15:30
33   (598.52, 292.4)          1.34           4         14:30-16:30
34   (1729.15, 1256.36)       5.02           5         09:15-11:00
35   (1918.86, 153.76)        3.31           3         10:45-12:45
36   (2272.46, 2395.68)       0.53           5         14:15-16:45
37   (2113.04, 372.77)        9.86           2         10:30-11:15
38   (319.6, 1420.76)         5.28           2         14:15-15:45
39   (66.13, 2422.45)         3.16           2         15:45-16:15
40   (1924.65, 2217.96)       7.61           1         14:15-16:00
41   (367.56, 2243.4)         4.98           1         09:00-11:30
42   (246.46, 1107.74)        0.95           1         12:45-14:00
43   (664.69, 154.88)         1.38           3         15:45-16:30
44   (2155.23, 844.16)        7.85           3         13:00-15:15
45   (225.44, 1630.62)        8.52           3         13:45-15:30
46   (2068.44, 1082.77)       8.37           1         09:00-11:30
47   (1712.07, 1432.9)        3.29           5         11:30-13:15
48   (142.27, 1274.72)        5.38           2         10:45-12:45
49   (1852.22, 2273.94)       3.24           4         12:15-14:15
50   (735.37, 712.3)          1.15           1         09:15-11:30
51   (27.79, 1939.44)         7.62           4         12:15-14:00
52   (2355.31, 2046.84)       8.94           5         10:00-11:15
53   (817.94, 421.03)         4.42           4         11:30-13:00
54   (296.39, 1055.69)        9.92           1         12:15-14:30
55   (1783.06, 842.26)        6.44           5         13:00-14:30
56   (1157.99, 690.3)         3.35           5         13:15-14:45
57   (537.25, 345.17)         7.61           1         10:45-11:45
58   (1082.48, 2427.52)       9.18           4         11:00-12:45
59   (1528.73, 1124.6)        0.74           1         12:45-13:45
60   (1789.14, 1153.25)       9.59           2         10:00-12:45
61   (308.47, 605.65)         3.25           4         15:00-16:00
62   (1263.41, 1833.06)       7.05           5         13:45-15:45
63   (333.73, 636.14)         4.26           1         09:45-11:15
64   (1595.05, 922.9)         3.17           3         14:30-15:15
65   (1098.11, 1105.96)       1.36           2         14:00-15:00
66   (1157.26, 2004.71)       3.39           1         14:15-16:00
67   (1200.68, 1118.19)       2.41           5         13:45-15:00
68   (10.78, 1767.0)          4.04           5         10:15-11:00
69   (2020.96, 1989.43)       0.57           2         13:30-14:30
70   (540.1, 966.5)           6.67           5         13:15-15:15
71   (2429.26, 1917.65)       5.82           2         11:15-12:15
72   (1877.08, 1280.05)       7.9            3         09:15-10:15
73   (599.11, 1739.93)        2.61           3         14:45-16:00
74   (1213.91, 507.63)        9.41           2         10:00-12:15
75   (564.57, 220.78)         4.68           2         09:45-11:45
76   (955.05, 1409.99)        3.96           3         13:15-15:30
77   (299.98, 34.65)          8.19           4         14:15-16:00
78   (208.16, 2365.43)        7.37           2         09:45-11:00
79   (909.38, 1876.63)        1.87           5         15:00-17:30
80   (1409.23, 1861.93)       2.18           2         11:15-12:30
81   (1896.73, 1300.47)       4.91           5         09:00-11:45
82   (2236.24, 1413.62)       5.92           1         11:00-13:30
83   (678.21, 1997.41)        3.81           2         11:45-12:15
84   (2009.56, 2103.42)       3.65           2         13:30-14:30
85   (1955.07, 613.6)         4.28           3         13:15-14:15
86   (1232.1, 1805.17)        9.69           2         10:45-12:45
87   (1481.47, 2262.49)       3.41           3         12:45-13:30
88   (1880.68, 2388.48)       7.29           5         13:15-14:15
89   (318.72, 653.86)         2.82           3         15:00-16:00
90   (1632.76, 815.06)        8.58           3         14:15-16:00
91   (1518.93, 2138.46)       4.4            2         15:45-17:30
92   (120.94, 2114.68)        1.98           5         09:15-10:30
93   (144.47, 605.68)         8.89           5         09:15-10:45
94   (50.15, 1229.57)         7.28           4         11:30-13:00
95   (99.38, 2143.47)         9.19           2         12:30-13:30
96   (1860.96, 1901.46)       8.25           4         13:15-14:45
97   (1909.34, 1415.63)       9.4            4         13:00-15:15
98   (1036.31, 928.18)        9.58           3         11:45-12:30
99   (1004.34, 1662.92)       2.03           1         11:15-13:15


UÇUŞA YASAK BÖLGELER
--------------------------------------------------------------------------------
ID: 0
Aktif Zaman: 14:15-16:15
Koordinatlar:
  (1293.71, 1561.23)
  (1248.29, 1611.31)
  (1188.37, 1592.95)
  (1179.25, 1522.89)
  (1251.68, 1500.72)

ID: 1
Aktif Zaman: 13:00-15:00
Koordinatlar:
  (2438.82, 435.57)
  (2367.92, 487.41)
  (2375.28, 396.48)

ID: 2
Aktif Zaman: 11:00-13:00
Koordinatlar:
  (2294.06, 1674.96)
  (2097.32, 1818.74)
  (2115.01, 1561.81)

ID: 3
Aktif Zaman: 13:45-14:45
Koordinatlar:
  (1151.84, 266.81)
  (1064.25, 320.53)
  (1067.16, 218.14)

ID: 4
Aktif Zaman: 12:45-13:45
Koordinatlar:
  (603.32, 632.85)
  (530.08, 727.37)
  (421.63, 689.33)
  (436.0, 586.81)
  (527.13, 547.4)

ID: 5
Aktif Zaman: 14:15-15:15
Koordinatlar:
  (2412.41, 989.59)
  (2390.57, 1056.55)
  (2321.13, 1042.9)
  (2287.51, 989.59)
  (2320.78, 935.68)
  (2381.02, 939.18)

ID: 6
Aktif Zaman: 11:15-13:15
Koordinatlar:
  (1011.24, 570.15)
  (842.44, 659.89)
  (841.55, 478.86)

ID: 7
Aktif Zaman: 09:30-12:30
Koordinatlar:
  (1483.69, 734.97)
  (1437.21, 779.92)
  (1374.42, 798.78)
  (1344.77, 734.97)
  (1375.17, 672.46)
  (1444.4, 677.57)

ID: 8
Aktif Zaman: 15:15-17:15
Koordinatlar:
  (2014.86, 1630.14)
  (1895.78, 1771.43)
  (1712.58, 1729.88)
  (1722.5, 1537.6)
  (1892.78, 1498.06)

ID: 9
Aktif Zaman: 09:00-10:00
Koordinatlar:
  (540.32, 580.15)
  (520.05, 639.72)
  (454.23, 634.6)
  (433.54, 580.15)
  (457.95, 532.15)
  (515.59, 528.33)

