DRONE FİLO OPTİMİZASYONU VERİ SETİ
========================================

Depo Konumu: (750, 750)

DRONE BİLGİLERİ
----------------------------------------
ID   Max Ağırlık (kg)    Batarya (mAh)       Hız (m/s)      Başlangıç Konumu    
0    3.56                3240                10.77          (750, 750)
1    8.59                8079                5.0            (750, 750)
2    8.86                8431                5.54           (750, 750)
3    3.05                3095                9.82           (750, 750)
4    2.27                3924                9.78           (750, 750)
5    2.86                4206                11.03          (750, 750)
6    5.59                5499                10.76          (750, 750)
7    9.28                8581                6.55           (750, 750)


TESLİMAT NOKTALARI
--------------------------------------------------------------------------------
ID   Konum                    Ağırlık (kg)   Öncelik   Zaman Aralığı       
0    (1038.68, 761.92)        7.33           5         09:30-11:00
1    (1476.18, 204.4)         1.43           4         15:00-17:45
2    (298.0, 1369.97)         9.7            2         14:15-15:00
3    (1169.73, 226.08)        5.27           4         15:30-17:15
4    (851.28, 943.88)         8.92           4         09:45-10:15
5    (4.24, 872.04)           6.66           1         11:00-12:00
6    (1037.25, 89.98)         8.62           3         10:45-12:00
7    (421.64, 566.34)         8.72           5         11:45-13:00
8    (876.26, 271.3)          4.94           1         09:45-10:45
9    (1218.65, 28.12)         4.49           3         09:30-11:45
10   (1033.87, 265.73)        7.41           2         15:45-17:00
11   (1331.84, 1300.53)       2.66           4         09:45-11:00
12   (1047.44, 609.21)        6.99           2         13:15-14:30
13   (25.83, 97.01)           3.37           1         10:45-12:30
14   (843.16, 1406.25)        2.3            3         12:30-14:00
15   (691.62, 489.87)         15.0           1         10:15-12:00
16   (636.59, 692.7)          4.04           2         14:45-16:45
17   (648.99, 593.51)         8.56           1         14:45-16:00
18   (1034.96, 321.09)        2.52           3         09:30-11:15
19   (1227.96, 147.36)        5.33           4         09:15-10:00
20   (867.46, 296.13)         3.58           4         15:15-16:15
21   (699.81, 154.93)         15.0           3         10:15-11:00
22   (469.91, 633.69)         0.66           1         09:45-10:30
23   (1389.21, 928.66)        14.28          3         10:30-11:30
24   (1270.18, 262.53)        0.94           4         14:15-15:30
25   (208.3, 63.15)           15.0           3         15:15-16:30
26   (849.45, 1358.39)        1.8            3         09:45-11:00
27   (1176.35, 580.41)        9.11           1         09:30-11:45
28   (1484.24, 743.41)        9.41           2         10:45-12:45
29   (578.03, 498.6)          4.12           4         11:15-12:00
30   (647.22, 244.67)         6.94           1         09:30-10:30
31   (314.42, 1182.54)        14.98          5         15:15-17:00
32   (261.54, 16.67)          8.12           3         11:15-13:45
33   (582.78, 1227.28)        6.61           2         15:00-16:30
34   (1318.1, 1199.1)         9.19           1         14:30-16:45
35   (173.01, 1173.43)        15.0           1         11:45-13:30
36   (937.48, 857.7)          6.93           1         11:00-13:30
37   (5.45, 414.34)           10.22          1         12:30-14:30
38   (593.11, 332.92)         13.35          1         11:30-12:15
39   (1328.21, 957.25)        7.2            2         11:30-12:30


UÇUŞA YASAK BÖLGELER
--------------------------------------------------------------------------------
ID: 0
Aktif Zaman: 09:45-12:45
Koordinatlar:
  (352.35, 1027.81)
  (315.17, 1081.0)
  (252.11, 1061.07)
  (251.23, 993.92)
  (317.92, 966.15)

ID: 1
Aktif Zaman: 11:15-14:15
Koordinatlar:
  (1103.43, 1229.7)
  (952.5, 1342.08)
  (804.59, 1229.7)
  (952.5, 1094.25)

ID: 2
Aktif Zaman: 15:30-16:30
Koordinatlar:
  (1545.17, 387.05)
  (1381.78, 511.14)
  (1250.99, 387.05)
  (1381.78, 237.45)

ID: 3
Aktif Zaman: 14:00-15:00
Koordinatlar:
  (1318.86, 1058.74)
  (1263.31, 1210.99)
  (1115.5, 1162.5)
  (1003.89, 1058.74)
  (1097.32, 923.48)
  (1235.79, 954.15)

ID: 4
Aktif Zaman: 09:30-10:30
Koordinatlar:
  (960.62, 1146.87)
  (920.82, 1205.63)
  (850.67, 1183.97)
  (844.08, 1104.99)
  (926.26, 1071.35)

