DRONE FİLO OPTİMİZASYONU VERİ SETİ
========================================

Depo Konumu: (500, 500)

DRONE BİLGİLERİ
----------------------------------------
ID   Max Ağırlık (kg)    Batarya (mAh)       Hız (m/s)      Başlangıç Konumu    
0    4.44                5853                10.87          (500, 500)
1    5.01                4817                10.65          (500, 500)
2    3.78                5268                9.09           (500, 500)
3    15.62               11919               5.61           (500, 500)
4    4.11                4821                10.56          (500, 500)


TESLİMAT NOKTALARI
--------------------------------------------------------------------------------
ID   Konum                    Ağırlık (kg)   Öncelik   Zaman Aralığı       
0    (659.98, 817.22)         5.77           4         09:15-10:45
1    (965.42, 558.29)         8.89           1         09:30-10:45
2    (846.66, 856.32)         4.34           1         12:30-13:45
3    (785.34, 668.99)         6.02           1         11:00-12:15
4    (160.81, 548.73)         7.07           5         09:45-10:45
5    (237.25, 325.4)          7.59           3         09:45-10:45
6    (93.67, 367.72)          3.02           5         11:15-13:30
7    (434.39, 350.08)         6.63           1         13:45-14:45
8    (280.77, 24.32)          6.63           1         12:45-14:00
9    (279.56, 883.49)         7.6            5         13:00-15:00
10   (572.29, 980.33)         1.22           5         13:45-14:00
11   (316.92, 169.49)         5.79           2         11:45-13:45
12   (208.92, 671.14)         3.91           3         10:15-12:00
13   (848.67, 136.62)         7.23           5         10:30-12:30
14   (256.21, 611.51)         1.28           1         12:00-14:00
15   (70.94, 396.78)          0.98           3         15:30-17:15
16   (93.98, 578.28)          0.84           1         10:30-12:00
17   (838.93, 860.4)          2.88           2         14:30-16:30
18   (127.06, 522.24)         7.81           4         12:00-13:45
19   (842.02, 194.38)         4.41           3         15:45-17:45


UÇUŞA YASAK BÖLGELER
--------------------------------------------------------------------------------
ID: 0
Aktif Zaman: 09:15-11:15
Koordinatlar:
  (442.97, 736.15)
  (393.07, 796.25)
  (324.69, 794.48)
  (294.21, 736.15)
  (320.93, 671.31)
  (399.81, 664.36)

ID: 1
Aktif Zaman: 11:00-13:00
Koordinatlar:
  (782.79, 323.95)
  (671.96, 458.75)
  (499.63, 417.33)
  (531.75, 253.9)
  (674.3, 181.93)

