DRONE FİLO OPTİMİZASYONU VERİ SETİ
========================================

Depo Konumu: (1000, 1000)

DRONE BİLGİLERİ
----------------------------------------
ID   Max Ağırlık (kg)    Batarya (mAh)       Hız (m/s)      Başlangıç Konumu    
0    15.65               12243               5.0            (1000, 1000)
1    12.04               8318                9.47           (1000, 1000)
2    14.53               12034               5.0            (1000, 1000)
3    5.26                5886                8.37           (1000, 1000)
4    15.22               12288               6.74           (1000, 1000)
5    10.77               7918                8.95           (1000, 1000)
6    15.42               10989               6.78           (1000, 1000)
7    10.94               8049                8.0            (1000, 1000)
8    14.62               11428               6.63           (1000, 1000)
9    15.22               11805               6.84           (1000, 1000)


TESLİMAT NOKTALARI
--------------------------------------------------------------------------------
ID   Konum                    Ağırlık (kg)   Öncelik   Zaman Aralığı       
0    (979.33, 438.88)         3.17           2         14:30-15:15
1    (1358.32, 1671.39)       3.29           1         14:00-15:15
2    (388.05, 810.89)         5.26           1         14:00-16:15
3    (1627.45, 1153.36)       9.0            2         10:15-12:30
4    (793.05, 1676.14)        2.81           5         11:30-12:00
5    (237.77, 1616.36)        7.03           3         14:15-15:00
6    (232.99, 1201.58)        8.27           2         10:45-11:30
7    (1585.27, 595.26)        9.71           1         15:45-16:15
8    (1545.73, 44.77)         3.69           5         12:45-14:30
9    (159.04, 1960.65)        7.54           3         13:15-15:15
10   (215.85, 768.77)         7.11           4         12:45-13:00
11   (1014.15, 591.73)        0.62           5         09:00-11:30
12   (1564.2, 1754.09)        4.46           1         09:30-11:45
13   (75.77, 888.96)          2.68           3         13:00-14:45
14   (230.95, 809.98)         7.53           1         13:00-15:45
15   (1648.5, 435.21)         1.79           2         14:45-16:45
16   (1935.49, 878.37)        1.93           5         13:00-15:15
17   (410.26, 485.41)         7.67           1         15:00-16:45
18   (643.23, 244.66)         4.16           1         12:45-14:15
19   (1627.71, 641.47)        1.91           4         15:15-16:00
20   (890.41, 216.22)         0.77           3         13:00-14:15
21   (1153.95, 65.93)         9.85           1         09:30-11:30
22   (1475.01, 1394.53)       5.79           2         12:45-13:30
23   (1549.61, 1805.26)       2.8            5         14:45-15:15
24   (417.14, 1978.78)        6.71           1         15:15-17:45
25   (91.05, 712.91)          7.17           3         12:15-13:30
26   (67.61, 1674.64)         1.92           1         12:30-13:15
27   (707.46, 689.6)          9.16           2         13:15-14:30
28   (959.71, 1778.42)        7.05           1         11:30-12:00
29   (178.77, 1165.31)        2.81           2         09:15-10:45
30   (1636.0, 997.68)         1.25           2         12:30-14:45
31   (1244.0, 439.23)         8.98           3         12:45-14:00
32   (552.95, 711.0)          1.69           5         09:45-10:45
33   (220.08, 38.58)          1.59           1         15:45-17:15
34   (76.56, 425.87)          0.93           2         12:15-14:15
35   (1423.12, 91.79)         3.8            4         09:30-11:00
36   (670.84, 1970.73)        3.61           5         15:00-17:15
37   (1275.4, 1424.73)        4.61           4         12:45-13:00
38   (1817.19, 119.87)        3.55           4         14:45-16:30
39   (995.46, 1302.02)        0.59           2         15:30-16:15
40   (416.53, 145.38)         8.08           4         12:45-13:15
41   (119.2, 1701.03)         3.35           2         11:45-12:45
42   (1529.09, 1440.17)       1.91           4         09:30-10:45
43   (1992.59, 1621.25)       9.09           2         09:45-11:00
44   (1973.5, 723.52)         7.17           2         09:45-11:45
45   (1738.85, 865.81)        4.66           4         14:45-15:00
46   (414.85, 742.43)         9.07           4         10:45-12:00
47   (1333.44, 766.31)        1.85           5         12:30-13:00
48   (10.54, 580.25)          8.78           4         13:00-14:15
49   (1157.03, 61.8)          0.85           5         09:45-10:30


UÇUŞA YASAK BÖLGELER
--------------------------------------------------------------------------------
ID: 0
Aktif Zaman: 12:15-14:15
Koordinatlar:
  (1252.34, 1090.79)
  (1227.61, 1141.15)
  (1173.39, 1134.35)
  (1138.08, 1090.79)
  (1167.31, 1036.69)
  (1229.2, 1037.69)

ID: 1
Aktif Zaman: 14:30-17:30
Koordinatlar:
  (1292.59, 703.74)
  (1123.36, 875.49)
  (972.78, 703.74)
  (1123.36, 541.83)

ID: 2
Aktif Zaman: 12:30-13:30
Koordinatlar:
  (378.01, 978.36)
  (300.26, 1055.38)
  (231.5, 978.36)
  (300.26, 899.66)

ID: 3
Aktif Zaman: 09:30-11:30
Koordinatlar:
  (1433.7, 987.1)
  (1337.36, 1100.38)
  (1201.39, 1059.14)
  (1208.28, 920.06)
  (1332.39, 889.13)

ID: 4
Aktif Zaman: 13:45-16:45
Koordinatlar:
  (792.98, 1224.91)
  (765.24, 1328.99)
  (662.14, 1299.41)
  (593.44, 1224.91)
  (649.13, 1127.87)
  (748.38, 1150.04)

