DRONE FİLO OPTİMİZASYONU VERİ SETİ
========================================

Depo Konumu: (900, 900)

DRONE BİLGİLERİ
----------------------------------------
ID   Max Ağırlık (kg)    Batarya (mAh)       Hız (m/s)      Başlangıç Konumu    
0    10.33               7831                8.5            (900, 900)
1    13.21               12173               7.36           (900, 900)
2    7.33                4644                11.16          (900, 900)
3    11.79               7166                6.71           (900, 900)
4    13.66               11730               6.5            (900, 900)
5    3.85                5254                9.39           (900, 900)
6    3.87                5615                10.29          (900, 900)
7    4.73                5164                8.72           (900, 900)
8    9.92                8505                6.28           (900, 900)
9    9.48                7879                8.39           (900, 900)


TESLİMAT NOKTALARI
--------------------------------------------------------------------------------
ID   Konum                    Ağırlık (kg)   Öncelik   Zaman Aralığı       
0    (162.1, 247.59)          5.17           5         13:30-14:12
1    (728.81, 733.41)         9.36           5         11:30-12:09
2    (516.38, 657.91)         1.35           4         12:45-13:15
3    (90.33, 1660.2)          8.17           2         11:00-11:53
4    (349.58, 1285.13)        7.57           5         10:15-11:09
5    (1221.64, 1272.56)       9.81           5         10:15-11:13
6    (66.4, 816.41)           9.13           1         13:00-13:49
7    (1548.17, 1008.74)       6.88           3         12:15-13:01
8    (887.51, 427.77)         6.08           5         15:15-15:57
9    (1764.35, 771.09)        8.82           2         13:45-14:29
10   (1290.03, 923.88)        7.76           5         15:15-15:46
11   (833.37, 1736.29)        5.24           5         10:30-11:13
12   (991.8, 1296.95)         1.66           5         11:30-12:24
13   (1559.52, 145.15)        8.5            5         15:00-15:58
14   (1351.11, 511.36)        6.87           2         10:00-10:57
15   (83.6, 1724.44)          7.55           5         09:00-09:53
16   (704.59, 1087.47)        7.78           3         15:45-16:27
17   (1398.13, 437.2)         9.28           3         09:30-10:03
18   (1338.42, 38.69)         0.82           3         09:00-09:50
19   (1267.78, 146.52)        7.14           1         14:00-14:30
20   (85.32, 1727.11)         3.13           1         10:00-10:57
21   (315.39, 1043.75)        2.2            2         13:45-14:28
22   (969.97, 1014.49)        6.9            5         15:45-16:34
23   (144.61, 64.4)           6.56           3         11:45-12:21
24   (1413.09, 1295.62)       7.88           5         13:15-14:02
25   (648.36, 531.13)         0.74           4         12:00-12:53
26   (612.87, 583.88)         5.25           4         11:30-12:20
27   (886.22, 553.15)         1.73           1         15:15-15:58
28   (1305.56, 1596.0)        7.47           5         12:15-13:00
29   (246.03, 936.67)         2.7            1         09:30-10:09


UÇUŞA YASAK BÖLGELER
--------------------------------------------------------------------------------
ID: 0
Aktif Zaman: 14:45-15:45
Koordinatlar:
  (1246.47, 519.36)
  (1159.02, 627.35)
  (1039.2, 618.91)
  (961.81, 519.36)
  (1034.79, 412.18)
  (1164.71, 401.53)

ID: 1
Aktif Zaman: 09:45-12:45
Koordinatlar:
  (413.43, 604.03)
  (380.6, 691.22)
  (284.48, 683.33)
  (233.52, 604.03)
  (283.4, 522.85)
  (372.08, 531.6)

ID: 2
Aktif Zaman: 09:00-10:00
Koordinatlar:
  (1619.41, 590.02)
  (1587.37, 637.28)
  (1530.42, 641.4)
  (1508.16, 590.02)
  (1529.29, 536.67)
  (1591.34, 535.88)

ID: 3
Aktif Zaman: 15:30-17:00
Koordinatlar:
  (945.47, 1155.57)
  (877.82, 1194.46)
  (877.74, 1116.54)

